7593
31160
29191
10675
16757
22222
31974
14841
7069
5919
11655
15246
17831
30615
23363
4628
14396
2086
29907
32694
15304
10365
22949
18894
10644
20603
23921
18061
12413
16795
29131
17117
28341
14825
14374
13930
27718
28372
1971
17279
13830
24431
31115
758
3840
17510
2030
23485
321
25466
2808
718
1798
20125
754
27057
20386
7542
10749
30126
32529
9898
21609
30058
9789
31065
29215
4399
9113
2413
332
936
15
10531
3012
30538
226
2892
23012
7415
19044
1328
9787
31869
290
3259
2529
18704
8095
17318
29326
27978
22221
8869
17134
20100
14073
13612
12646
10150
12051
1832
21770
136
28089
13395
16419
20781
5870
29374
23329
17196
30046
17511
21169
26356
26709
